-29
-31
-33
-53
-76
-104
-124
-125
-138
-148
-149
-157
-152
-142
-148
-149
-166
-155
-149
-155
-152
-149
-156
-155
-155
-173
-156
-144
-135
-126
-129
-111
-112
-130
-137
-147
-149
-157
-167
-142
-136
-137
-135
-149
-152
-157
-149
-156
-154
-152
-155
-142
-140
-160
-154
-144
-156
-156
-159
-156
-159
-152
-149
-135
-106
-89
-74
-68
-65
-74
-73
-77
-81
-82
-85
-86
-91
-80
-67
-64
-60
-56
-60
-60
-63
-60
-74
-87
-96
-100
-113
-86
-81
-59
-43
-36
-26
-40
-31
-20
-24
-24
-19
-31
-35
-30
-28
-16
4
14
28
37
33
24
38
30
31
45
40
28
31
41
44
47
46
47
24
12
0
1
5
4
4
7
12
5
2
12
22
24
36
44
43
42
34
31
16
14
30
25
18
16
19
30
45
51
67
63
70
71
64
72
57
41
38
30
24
25
41
50
38
37
32
39
54
62
61
65
58
50
40
28
26
13
20
31
22
60
78
67
82
84
90
83
58
57
37
54
57
48
55
63
65
73
77
85
91
91
89
77
48
41
44
47
46
30
37
41
40
45
50
63
70
56
70
66
62
73
46
49
43
45
72
70
67
62
57
55
38
13
4
6
1
-7
-21
-33
-33
-43
-47
-50
-43
-55
-48
-46
-65
-80
-81
-79
-101
-108
-127
-145
-151
-159
-171
-181
-190
-200
-188
-163
-167
-168
-160
-155
-156
-176
-190
-197
-205
-212
-232
-231
-248
-253
-253
-254
-239
-239
-229
-226
-229
-240
-253
-261
-265
-281
-296
-301
-317
-333
-342
-357
-361
-362
-356
-345
-338
-335
-340
-338
-322
-317
-310
-304
-292
-300
-303
-304
-300
-278
-252
-251
-244
-214
-205
-206
-207
-197
-200
-201
-197
-184
-185
-187
-183
-181
-159
-141
-123
-129
-140
-132
-126
-139
-135
-137
-121
-123
-125
-109
-109
-105
-106
-110
-95
-90
-98
-106
-120
-125
-136
-150
-135
-133
-137
-114
-129
-141
-130
-129
-128
-139
-142
-143
-146
-147
-142
-135
-135
-124
-140
-133
-118
-123
-118
-112
-118
-133
-133
-133
-115
-106
-89
-71
-70
-52
-50
-36
-16
-19
-26
-22
-24
-35
-30
-13
-13
-31
-19
-31
-31
-29
-25
-31
-40
-46
-58
-60
-67
-60
-50
-43
-27
-23
-10
-2
3
11
14
21
17
28
24
15
12
10
12
16
17
26
54
56
62
47
14
2
4
13
4
8
12
1
8
4
0
0
-13
-27
-27
-36
-53
-45
-45
-56
-54
-71
-67
-54
-67
-70
-86
-89
-93
-99
-100
-114
-127
-132
-142
-147
-162
-177
-175
-174
-167
-161
-164
-166
-178
-193
-186
-183
-192
-197
-207
-195
-183
-193
-176
-193
-188
-187
-202
-214
-232
-236
-244
-262
-268
-269
-271
-278
-265
-253
-248
-239
-241
-241
-241
-254
-250
-248
-242
-230
-231
-230
-222
-212
-204
-178
-186
-197
-190
-185
-181
-189
-199
-200
-181
-173
-152
-135
-127
-101
-82
-74
-62
-55
-50
-40
-35
-32
-31
-45
-48
-45
-45
-53
-67
-63
-53
-52
-50
-53
-65
-66
-72
-70
-70
-76
-62
-37
-31
-26
-31
-39
-52
-44
-43
-43
-49
-43
-50
-54
-47
-41
-43
-60
-75
-89
-93
-102
-118
-145
-147
-160
-178
-186
-214
-226
-237
-240
-224
-217
-203
-217
-243
-258
-260
-252
-218
-215
-216
-194
-197
-177
-166
-173
-176
-192
-200
-202
-212
-218
-232
-233
-231
-239
-248
-251
-236
-241
-246
-250
-240
-231
-220
-229
-241
-239
-237
-228
-234
-231
-241
-239
-244
-248
-239
-243
-243
-260
-272
-265
-274
-278
-283
-297
-302
-296
-296
-285
-284
-292
-285
-271
-269
-283
-285
-284
-272
-253
-246
-256
-263
-258
-260
-258
-275
-267
-263
-257
-234
-225
-211
-202
-214
-215
-217
-216
-205
-187
-178
-178
-184
-185
-173
-177
-154
-129
-125
-118
-116
-111
-101
-97
-106
-111
-109
-109
-113
-106
-91
-81
-54
-41
-41
-17
-7
-10
-15
3
1
1
24
24
24
21
19
30
36
26
24
4
-7
-9
-28
-41
-53
-65
-63
-70
-71
-57
-68
-59
-35
-36
-36
-26
-24
-24
-40
-43
-38
-44
-61
-76
-82
-61
-53
-36
-38
-48
-55
-50
-30
-31
-29
-16
-26
-26
-24
-45
-38
-39
-47
-53
-60
-64
-48
-45
-59
-67
-64
-51
-42
-47
-46
-45
-48
-50
-62
-79
-77
-59
-65
-65
-72
-85
-81
-74
-74
-74
-82
-76
-62
-65
-52
-38
-16
-7
15
26
-3
-14
-33
-48
-44
-39
-30
-7
-1
6
19
17
20
21
17
9
9
7
-2
0
0
-9
-20
-16
-19
-9
-19
-8
7
4
-3
-33
-33
-46
-66
-89
-106
-113
-111
-109
-118
-125
-131
-132
-136
-137
-137
-143
-144
-164
-185
-173
-155
-167
-178
-201
-205
-204
-202
-202
-224
-234
-237
-233
-224
-222
-233
-237
-243
-241
-236
-241
-241
-236
-251
-263
-264
-248
-241
-247
-237
-228
-221
-221
-214
-209
-210
-208
-196
-202
-181
-171
-163
-161
-190
-168
-147
-133
-140
-164
-177
-178
-152
-126
-128
-151
-159
-137
-111
-86
-68
-59
-73
-82
-66
-44
-36
-19
-34
-56
-54
-55
-44
-27
-19
-17
-9
9
9
12
33
39
48
40
32
31
15
-4
4
18
50
66
53
60
75
70
79
76
75
75
70
68
62
64
74
100
101
104
106
113
109
101
92
88
77
77
75
62
50
22
7
17
24
18
9
0
-1
-24
-30
-12
2
-15
-28
-36
-35
-17
-11
-25
-42
-17
-12
-10
-4
-25
-36
-45
-41
-25
-34
-41
-49
-48
-31
-33
-32
-14
-33
-26
-25
-27
-4
0
7
0
-7
1
-14
-27
-21
-30
-17
-25
-32
-26
-55
-68
-43
-31
-33
-16
-5
-4
-7
-12
-1
14
17
5
-2
-14
-1
12
19
14
16
29
41
35
12
1
7
-5
-7
-18
-24
4
7
6
4
23
36
39
28
8
7
6
27
53
62
54
43
42
57
56
58
62
71
80
84
89
101
92
79
83
82
102
122
116
96
90
99
113
114
107
118
139
149
153
135
124
143
159
172
165
166
154
157
142
130
143
159
183
166
158
158
166
169
160
140
143
129
135
142
106
91
102
113
128
113
97
114
118
137
138
108
94
75
65
77
82
89
99
89
80
74
67
70
71
72
62
57
53
48
21
10
-4
-8
-8
7
12
0
-8
-9
-19
-23
-43
-55
-60
-74
-62
-48
-36
-38
-30
-36
-38
-23
-2
24
15
19
17
14
13
11
30
22
22
23
32
29
28
28
26
24
16
13
16
38
41
30
23
24
44
50
41
37
39
44
55
53
48
38
41
43
40
31
30
28
48
48
50
65
69
67
67
67
65
69
55
60
49
29
40
41
62
78
60
50
46
41
33
20
14
18
17
26
36
47
60
67
73
81
79
70
68
55
61
47
23
33
27
19
40
48
58
64
61
53
43
31
36
19
12
7
2
7
4
14
12
22
28
33
26
43
36
13
15
14
21
19
19
15
-4
0
4
-4
-4
-14
-21
-19
-36
-52
-57
-55
-44
-37
-37
-31
-23
-19
-14
-16
-6
3
-13
-21
-38
-57
-80
-101
-113
-125
-129
-140
-156
-154
-147
-154
-142
-139
-143
-142
-150
-168
-193
-201
-217
-228
-231
-228
-234
-231
-231
-234
-240
-252
-253
-251
-248
-239
-248
-262
-270
-270
-256
-253
-255
-253
-254
-258
-270
-267
-271
-279
-281
-269
-281
-287
-279
-284
-287
-300
-304
-309
-318
-325
-346
-343
-333
-322
-326
-335
-322
-311
-298
-291
-299
-289
-280
-288
-295
-302
-306
-313
-299
-287
-292
-308
-313
-299
-282
-284
-275
-236
-235
-232
-231
-244
-227
-219
-213
-212
-221
-207
-192
-176
-161
-161
-154
-147
-146
-130
-113
-106
-99
-101
-101
-94
-98
-80
-93
-103
-86
-80
-72
-66
-48
-47
-47
-40
-59
-71
-76
-75
-72
-70
-69
-77
-80
-72
-82
-77
-69
-65
-55
-44
-53
-60
-64
-65
-63
-48
-48
-56
-40
-34
-33
-36
-58
-67
-86
-98
-113
-118
-119
-125
-149
-168
-156
-168
-185
-206
-213
-211
-212
-214
-219
-219
-204
-184
-176
-182
-178
-173
-176
-186
-196
-185
-190
-186
-175
-179
-184
-192
-190
-171
-168
-161
-175
-183
-168
-163
-152
-139
-145
-149
-128
-127
-107
-98
-101
-110
-112
-123
-127
-115
-135
-140
-138
-133
-127
-115
-112
-116
-123
-121
-110
-111
-103
-93
-95
-90
-99
-101
-89
-86
-85
-79
-79
-70
-70
-65
-50
-55
-57
-48
-48
-57
-57
-31
-7
1
12
14
29
48
57
65
57
66
87
77
85
92
86
77
60
74
89
96
98
91
91
122
130
138
147
142
127
110
102
93
92
89
85
75
65
57
48
48
50
42
48
53
46
45
57
57
55
60
69
58
59
66
73
65
65
64
72
69
50
60
44
49
48
41
43
44
38
42
44
51
60
58
70
84
89
95
89
91
90
102
103
95
98
93
96
94
86
94
101
89
84
79
64
55
54
55
55
44
37
21
14
24
28
31
41
47
69
81
95
107
105
118
118
98
91
101
95
101
94
96
111
102
105
98
91
84
84
75
70
62
65
53
47
65
56
50
41
47
49
43
50
64
63
72
69
65
82
65
67
65
43
62
75
72
83
82
90
108
118
110
105
84
90
103
108
115
103
86
73
77
77
70
74
72
71
81
93
104
104
113
118
95
103
97
84
79
79
77
72
82
91
109
106
106
106
100
106
115
111
111
100
91
104
103
101
105
108
110
107
115
126
130
116
116
118
129
140
125
120
119
120
132
130
125
135
125
113
121
133
137
135
126
105
94
90
77
72
75
76
89
91
96
86
87
96
94
93
97
91
85
71
50
40
46
38
32
39
45
60
58
57
42
17
16
10
17
24
19
14
2
-4
-14
-19
-14
-14
-31
-42
-67
-72
-77
-90
-89
-92
-104
-118
-139
-148
-142
-131
-124
-123
-137
-154
-154
-152
-151
-159
-165
-156
-155
-153
-132
-147
-163
-172
-169
-171
-173
-172
-179
-183
-190
-200
-191
-176
-185
-195
-205
-193
-190
-193
-197
-190
-202
-207
-206
-224
-229
-236
-255
-249
-253
-251
-260
-260
-244
-222
-208
-223
-229
-223
-223
-230
-237
-235
-245
-242
-236
-237
-240
-234
-231
-229
-236
-237
-241
-245
-241
-242
-248
-250
-241
-242
-239
-253
-242
-228
-231
-230
-229
-212
-210
-198
-197
-198
-202
-201
-176
-166
-167
-147
-146
-143
-149
-152
-123
-112
-118
-101
-111
-110
-109
-104
-102
-111
-124
-132
-118
-101
-100
-101
-87
-72
-70
-65
-67
-53
-49
-62
-64
-72
-59
-72
-74
-58
-55
-50
-25
-15
-16
-26
-26
-23
-12
-13
-18
-12
-6
4
20
35
50
66
73
72
69
73
64
72
67
50
53
34
31
44
38
50
71
62
57
50
41
46
48
43
28
26
38
46
53
58
68
67
58
60
61
70
79
66
60
60
70
67
62
50
45
52
72
74
63
57
53
41
31
21
10
9
4
-3
-3
-5
-20
-21
-36
-30
-34
-25
-24
-16
3
3
2
2
2
2
-7
-17
4
18
14
12
-2
-9
-2
0
-6
7
8
4
-3
-12
-6
-4
-3
-6
-36
-32
-30
-37
-14
-25
-38
-57
-55
-56
-60
-53
-53
-51
-68
-67
-65
-65
-74
-84
-108
-118
-115
-130
-115
-102
-113
-106
-84
-61
-45
-38
-45
-53
-47
-38
-31
-40
-53
-65
-77
-65
-50
-48
-33
-31
-29
-14
-22
-26
-22
-26
-34
-47
-43
-39
-44
-66
-74
-79
-74
-64
-57
-57
-69
-71
-60
-50
-71
-89
-91
-89
-62
-49
-42
-61
-67
-54
-41
-31
-31
-27
-37
-59
-67
-67
-62
-56
-60
-53
-65
-50
-28
-36
-29
-21
-14
-12
-18
-40
-51
-51
-46
-38
-21
-12
-10
-5
12
16
32
33
36
35
50
62
56
51
44
30
33
45
35
51
67
60
47
38
42
60
70
74
74
65
69
51
55
62
45
51
30
13
1
0
9
22
9
12
16
25
47
30
24
19
22
26
16
15
16
3
16
28
27
45
43
48
56
40
31
17
23
24
24
22
32
45
60
59
38
29
19
3
-7
-16
-33
-46
-37
-38
-48
-57
-43
-35
-43
-31
-17
-19
-28
-26
-36
-32
-9
-19
-32
-4
5
19
53
49
36
43
55
67
73
60
55
62
61
65
67
79
96
121
147
166
182
186
185
176
181
182
187
187
174
178
173
169
188
190
195
184
190
199
194
203
201
193
202
202
214
216
212
202
191
190
197
212
222
210
210
216
220
214
217
210
217
226
241
258
251
270
275
270
278
286
284
280
259
248
250
233
246
224
211
219
202
212
221
202
212
224
239
235
216
205
183
181
212
218
210
207
189
190
179
181
173
168
161
148
139
124
122
120
132
138
150
159
153
148
128
110
98
89
95
95
93
103
92
90
94
87
89
77
57
65
82
83
60
59
59
60
61
74
74
56
53
46
57
59
45
41
28
17
19
16
1
-14
0
2
-4
-17
-18
-20
-21
-13
-19
-19
-9
14
30
21
-4
-10
3
-5
-24
-38
-52
-48
-43
-43
-36
-32
-36
-33
-31
-35
-38
-43
-62
-69
-70
-79
-82
-98
-103
-98
-118
-127
-112
-103
-82
-79
-95
-98
-103
-93
-89
-106
-102
-107
-122
-128
-137
-135
-132
-144
-132
-120
-125
-130
-124
-113
-124
-142
-148
-154
-162
-176
-161
-144
-133
-111
-130
-143
-118
-116
-103
-108
-115
-121
-132
-133
-124
-108
-113
-130
-112
-113
-111
-108
-115
-120
-140
-135
-135
-132
-130
-133
-118
-119
-113
-108
-98
-95
-101
-108
-106
-102
-111
-111
-101
-93
-101
-87
-75
-68
-86
-79
-74
-77
-72
-79
-77
-82
-86
-84
-88
-98
-97
-84
-84
-88
-85
-82
-89
-85
-78
-82
-98
-95
-95
-95
-104
-100
-82
-73
-86
-94
-104
-98
-107
-125
-125
-125
-118
-113
-105
-94
-76
-66
-47
-34
-48
-45
-38
-55
-62
-54
-47
-41
-24
-21
-19
-33
-48
-48
-57
-67
-65
-99
-93
-75
-77
-74
-82
-77
-67
-87
-84
-82
-84
-90
-105
-114
-108
-120
-123
-121
-144
-137
-127
-124
-121
-131
-130
-139
-140
-129
-138
-130
-134
-164
-166
-152
-137
-125
-133
-123
-129
-125
-114
-108
-101
-119
-119
-125
-128
-123
-121
-129
-132
-140
-142
-123
-118
-112
-104
-116
-115
-116
-109
-112
-127
-121
-111
-113
-121
-113
-103
-91
-77
-75
-64
-62
-74
-81
-80
-80
-60
-48
-47
-50
-60
-79
-72
-58
-67
-62
-69
-68
-70
-59
-55
-53
-44
-53
-51
-44
-39
-43
-33
-19
-22
-14
-12
-4
-16
-26
-25
-16
-12
-23
-36
-37
-45
-52
-27
-23
-43
-35
-33
-46
-43
-30
-31
-23
-34
-38
-35
-41
-26
-12
-26
-19
-14
-19
-2
-12
-15
-22
-33
-21
-16
-23
-13
-16
-11
-7
2
4
9
0
16
22
30
43
31
31
23
14
14
0
3
7
1
-1
-16
-17
-6
-4
-2
-17
-21
-10
-14
-16
1
1
15
22
22
34
43
43
63
76
90
111
123
129
134
133
123
124
127
127
131
129
131
125
133
144
144
154
161
166
162
156
156
158
158
155
151
147
149
146
145
150
152
151
152
154
146
153
156
161
158
175
181
166
155
141
140
140
130
137
147
157
157
154
150
149
151
165
167
164
163
174
181
186
193
196
205
210
214
226
234
236
248
250
261
263
255
262
255
249
258
256
272
294
296
305
322
325
324
328
327
330
330
326
328
325
327
329
347
349
352
370
370
381
382
376
381
371
376
390
379
381
382
376
375
391
408
414
409
397
388
384
379
374
373
356
348
345
356
352
333
328
321
344
354
352
341
340
341
327
315
294
292
294
287
286
288
299
305
321
326
318
311
297
299
299
288
275
275
266
264
258
249
249
250
225
222
199
185
194
201
192
177
175
194
202
205
217
229
241
235
226
236
241
234
226
230
230
212
212
206
204
203
200
188
175
168
173
185
199
199
195
206
205
215
236
224
225
224
210
220
226
226
223
209
211
222
215
219
203
180
176
171
166
177
181
195
199
196
218
211
203
197
188
176
164
167
174
167
151
161
152
144
133
134
135
111
110
112
115
116
98
84
73
62
77
68
54
54
43
40
48
41
28
31
12
9
10
-1
-2
-14
-10
-15
-28
-15
-24
-37
-36
-12
-4
-2
4
18
38
24
36
52
62
51
39
49
62
71
53
58
62
72
70
66
55
44
43
41
52
38
28
22
9
6
-1
7
1
1
9
0
7
4
7
15
11
18
21
29
32
17
24
19
26
8
-15
-10
-9
2
0
-6
-18
-21
-28
-24
-38
-35
-37
-49
-48
-41
-46
-50
-59
-61
-70
-88
-86
-82
-90
-97
-94
-87
-83
-84
-82
-72
-57
-38
-40
-32
-21
-15
-15
-29
-28
-28
-28
-21
-10
-16
-16
-19
-26
-33
-39
-23
-16
-9
-1
-28
-41
-55
-74
-79
-84
-82
-91
-106
-97
-93
-93
-89
-93
-92
-84
-94
-91
-98
-120
-126
-114
-106
-111
-118
-122
-118
-113
-93
-79
-79
-83
-92
-104
-104
-114
-117
-127
-127
-137
-143
-136
-142
-144
-146
-164
-170
-159
-148
-152
-147
-153
-160
-158
-164
-174
-176
-175
-188
-187
-197
-215
-210
-202
-192
-193
-202
-185
-190
-188
-192
-200
-202
-205
-215
-219
-224
-212
-202
-202
-210
-213
-205
-203
-207
-218
-220
-221
-225
-223
-231
-248
-260
-259
-243
-236
-236
-232
-239
-241
-232
-219
-217
-212
-214
-202
-189
-193
-159
-161
-160
-151
-160
-147
-145
-175
-185
-184
-174
-176
-178
-173
-170
-177
-179
-178
-179
-185
-211
-209
-210
-204
-200
-205
-178
-181
-197
-192
-205
-197
-181
-177
-176
-195
-205
-200
-195
-191
-201
-197
-189
-175
-181
-183
-190
-197
-205
-202
-191
-191
-193
-201
-211
-222
-222
-214
-198
-206
-229
-242
-243
-235
-221
-219
-213
-207
-189
-157
-146
-158
-173
-209
-203
-188
-185
-183
-173
-161
-148
-130
-106
-106
-94
-94
-101
-98
-96
-81
-70
-65
-67
-71
-58
-30
-5
-7
-28
-26
-15
-2
3
-21
-14
0
17
42
41
24
26
36
40
49
52
67
76
46
33
53
70
82
83
86
84
90
89
70
70
52
57
62
58
51
24
35
29
24
37
53
50
26
-2
-10
8
-7
-16
-21
-21
-10
-6
-9
-19
-16
-26
-25
-24
-41
-50
-55
-74
-69
-67
-79
-66
-61
-78
-106
-121
-125
-149
-179
-182
-201
-217
-241
-256
-241
-229
-223
-243
-265
-282
-272
-276
-305
-323
-339
-335
-337
-332
-328
-318
-315
-306
-295
-302
-290
-300
-313
-316
-316
-322
-331
-328
-330
-344
-346
-348
-348
-336
-332
-335
-346
-365
-362
-357
-359
-358
-353
-345
-339
-341
-359
-357
-340
-335
-341
-342
-342
-350
-354
-364
-347
-339
-344
-359
-374
-378
-381
-382
-379
-381
-385
-384
-378
-369
-392
-410
-412
-415
-405
-397
-391
-385
-374
-359
-332
-317
-333
-337
-354
-385
-379
-381
-366
-357
-369
-362
-357
-340
-324
-345
-345
-347
-364
-349
-345
-355
-360
-367
-362
-357
-340
-312
-299
-305
-306
-307
-291
-289
-301
-301
-318
-303
-288
-298
-299
-292
-299
-288
-302
-307
-301
-302
-299
-303
-299
-286
-277
-299
-311
-313
-316
-306
-308
-304
-297
-280
-276
-280
-281
-300
-299
-277
-265
-280
-296
-308
-321
-315
-299
-296
-303
-306
-301
-296
-282
-276
-277
-290
-302
-330
-335
-325
-323
-306
-299
-303
-301
-314
-328
-343
-385
-400
-398
-406
-412
-434
-446
-442
-436
-440
-454
-463
-476
-485
-499
-485
-484
-490
-494
-490
-507
-519
-499
-499
-504
-513
-517
-509
-502
-500
-503
-502
-508
-508
-516
-536
-548
-548
-554
-559
-542
-545
-557
-536
-532
-528
-543
-542
-523
-510
-511
-509
-521
-527
-521
-523
-514
-521
-527
-516
-514
-523
-522
-535
-524
-521
-527
-527
-545
-535
-537
-544
-519
-512
-484
-470
-468
-458
-466
-458
-437
-429
-422
-438
-453
-449
-440
-431
-420
-427
-430
-417
-412
-413
-420
-398
-381
-376
-367
-367
-362
-357
-346
-323
-325
-337
-330
-321
-315
-296
-289
-267
-266
-272
-287
-277
-272
-274
-270
-267
-248
-237
-225
-212
-208
-193
-173
-177
-159
-132
-135
-126
-122
-123
-108
-101
-107
-113
-103
-83
-65
-57
-50
-55
-53
-43
-47
-43
-62
-72
-74
-77
-75
-78
-82
-73
-72
-77
-62
-55
-50
-46
-49
-44
-43
-42
-55
-44
-27
-28
-26
-30
-28
-15
-36
-43
-41
-57
-62
-65
-62
-64
-85
-86
-78
-100
-113
-120
-135
-141
-160
-154
-151
-171
-160
-142
-137
-138
-160
-137
-134
-134
-131
-140
-134
-134
-137
-143
-150
-159
-171
-178
-161
-166
-178
-160
-155
-161
-164
-181
-197
-213
-226
-226
-230
-246
-256
-260
-265
-267
-283
-279
-274
-282
-291
-293
-299
-309
-309
-306
-293
-282
-278
-284
-292
-276
-291
-287
-271
-277
-281
-284
-299
-309
-312
-312
-313
-320
-316
-320
-316
-299
-297
-324
-334
-340
-330
-311
-301
-316
-323
-313
-306
-293
-277
-275
-272
-268
-270
-272
-261
-248
-249
-256
-258
-248
-239
-248
-232
-233
-235
-234
-235
-231
-241
-242
-242
-254
-253
-244
-241
-241
-248
-254
-262
-268
-263
-266
-261
-265
-267
-263
-253
-237
-224
-222
-225
-218
-224
-236
-232
-236
-234
-255
-268
-265
-289
-304
-317
-333
-333
-357
-383
-385
-386
-405
-415
-432
-436
-442
-439
-439
-435
-432
-436
-417
-439
-458
-453
-461
-475
-467
-468
-458
-458
-470
-468
-475
-465
-459
-463
-482
-489
-490
-496
-487
-476
-474
-485
-483
-480
-498
-511
-505
-501
-504
-528
-536
-543
-545
-540
-548
-561
-563
-541
-550
-566
-570
-571
-574
-585
-583
-587
-585
-572
-584
-589
-591
-592
-574
-564
-557
-547
-529
-528
-521
-524
-520
-501
-483
-470
-468
-458
-451
-449
-449
-449
-447
-439
-429
-424
-412
-400
-396
-388
-379
-371
-364
-362
-350
-331
-319
-322
-318
-307
-306
-296
-286
-285
-270
-270
-272
-260
-246
-243
-239
-247
-241
-232
-224
-205
-197
-207
-202
-200
-192
-195
-183
-182
-187
-174
-183
-193
-193
-197
-195
-198
-210
-197
-194
-188
-187
-181
-185
-191
-188
-171
-175
-180
-156
-152
-155
-143
-125
-96
-94
-79
-64
-89
-96
-108
-111
-105
-115
-123
-137
-150
-154
-155
-148
-147
-136
-127
-123
-137
-120
-120
-130
-127
-132
-134
-129
-139
-135
-123
-105
-85
-85
-77
-82
-93
-89
-74
-85
-86
-74
-72
-79
-74
-65
-68
-71
-75
-82
-67
-48
-41
-48
-69
-55
-46
-28
-22
-20
-13
-7
-4
2
9
5
12
10
16
24
21
36
43
53
49
62
79
78
82
85
76
74
85
95
108
115
125
123
131
139
134
137
137
137
142
155
156
142
138
128
123
121
122
113
116
118
124
132
124
140
146
139
138
128
144
149
149
150
141
130
130
139
131
125
114
109
101
106
106
98
102
91
97
107
113
126
130
129
141
144
160
163
144
152
157
154
160
168
176
176
170
170
170
181
198
199
191
183
184
185
177
174
167
169
167
154
158
161
159
164
167
166
173
192
200
192
186
188
189
195
205
195
185
188
185
190
202
197
176
162
159
183
187
193
191
179
173
173
169
179
182
161
154
140
131
134
130
120
115
103
94
85
66
70
79
76
80
66
60
58
58
74
74
74
76
81
96
105
102
91
89
94
91
99
103
89
94
89
72
76
77
73
65
78
79
85
67
69
59
60
79
75
84
